[501
255
501
255
501
255
501
255
501
255
501
255
501
255
501
255
501
255
501
255
501
255
501
255
501
255
501
255
501
254
501
254
501
254
501
254
501
254
501
254
501
254
501
254
501
254
501
254
501
254
501
254
501
254
500
254
500
254
499
254
499
254
498
254
498
254
497
254
496
254
495
254
495
254
494
254
494
254
494
254
493
254
492
254
492
254
491
254
491
254
490
254
490
254
490
254
489
254
489
254
488
254
488
254
487
254
486
254
486
254
486
254
486
254
486
254
486
254
485
254
485
254
485
254
485
254
485
254
485
254
485
254
485
254
485
254
485
254
485
254
487
254
489
254
491
254
492
253
10000
10000
10000
10000
10000
10000
10000
10000
495
256
494
256
494
256
493
256
493
256
493
256
493
257
493
257
493
257
493
257
493
257
493
257
493
257
493
257
493
257
493
257
493
257
493
257
493
257
493
257
493
257
493
257
493
257
493
257
493
257
493
257
493
257
492
257
492
257
491
257
490
257
490
257
489
257
489
257
489
257
489
257
489
257
489
257
489
257
489
257
489
257
489
257
489
257
489
257
489
257
489
257
489
257
489
257
489
257
489
257
489
257
489
257
489
257
488
257
488
258
487
258
486
258
486
258
486
258
485
258
485
258
485
258
485
258
485
258
485
258
485
258
485
258
485
258
485
258
485
258
485
258
485
258
485
258
485
258
485
258
485
258
485
258
484
258
484
258
484
258
484
258
483
258
483
258
483
258
482
259
482
259
481
259
481
259
481
259
480
259
480
259
480
259
479
259
479
259
479
259
479
259
479
259
478
259
478
259
478
259
477
259
477
260
476
260
476
260
475
260
474
260
473
260
473
260
472
260
472
260
471
260
471
260
471
260
471
260
471
260
471
260
471
260
471
260
471
260
470
260
470
260
470
261
469
261
469
261
469
261
468
261
468
261
468
261
468
261
468
261
468
261
467
261
467
261
466
261
465
261
465
261
465
261
464
262
463
262
463
262
462
262
462
262
462
262
462
262
461
262
461
262
460
262
460
262
460
262
460
262
459
262
459
262
459
262
459
262
458
262
458
262
458
262
458
262
458
262
458
262
458
262
458
262
458
262
457
262
457
262
457
262
457
262
457
262
457
262
457
262
457
262
457
262
457
262
457
262
457
262
457
262
457
262
457
262
457
262
456
262
456
262
456
262
455
262
455
262
455
262
455
262
455
262
455
262
455
262
455
262
455
262
454
263
454
263
454
263
454
263
454
263
454
263
454
263
454
263
454
263
454
263
454
263
454
263
453
263
453
263
452
263
452
263
451
263
450
263
450
263
450
263
450
263
450
263
450
263
450
263
450
263
450
263
450
263
450
263
450
263
450
263
450
263
450
263
450
263
450
263
450
263
450
263
450
263
450
263
450
263
450
263
450
263
450
263
450
263
450
263
450
263
450
263
450
263
450
263
450
263
450
263
450
263
450
263
450
263
450
263
450
263
450
263
450
263
450
263
450
263
450
263
450
263
450
263
450
263
450
263
450
263
450
263
450
263
450
263
450
263
450
263
450
263
450
263
450
263
450
263
450
263
450
263
450
263
450
263
450
263
450
263
450
263
450
263
450
263
450
263
450
263
450
263
450
263
450
263
450
263
450
263
450
263
450
263
450
263
450
263
450
263
450
263
450
263
450
263
450
263
450
263
450
263
450
263
450
263
450
263
450
263
449
263
449
263
449
263
449
263
449
263
449
263
449
263
449
263
449
263
449
263
449
263
449
263
449
263
449
263
449
263
449
263
449
263
449
263
449
263
449
263
449
263
448
263
448
262
448
262
448
262
448
262
447
262
447
262
447
262
447
262
447
262
447
262
447
262
447
261
447
261
447
261
447
261
446
261
446
261
446
261
446
261
446
261
446
261
446
261
446
261
446
261
446
261
446
261
445
261
445
261
445
261
444
261
444
261
444
261
444
261
444
261
443
261
443
261
443
261
443
261
443
261
443
261
443
261
443
261
443
261
443
261
443
261
443
261
443
261
443
261
443
261
443
261
443
261
443
261
443
261
443
261
443
261
443
261
443
261
443
261
443
261
443
261
443
261
443
261
443
261
443
261
443
261
443
261
443
261
443
261
443
261
443
261
443
261
443
261
443
261
443
261
443
261
443
261
443
261
443
261
443
261
443
261
443
261
443
261
442
261
442
261
442
261
441
261
441
261
441
261
441
261
440
261
440
261
439
261
439
261
438
261
437
261
436
261
436
261
436
261
435
261
435
261
435
261
435
261
435
261
435
261
435
261
435
261
435
261
435
261
435
261
435
261
434
261
434
261
434
261
433
261
433
261
432
261
432
261
431
261
431
261
431
261
430
262
430
262
430
262
430
262
429
262
429
262
428
262
428
262
427
262
427
262
427
262
426
262
426
262
425
262
425
262
424
262
424
262
424
262
424
262
424
262
424
262
424
262
424
263
423
263
423
263
423
263
423
263
422
263
422
263
421
263
421
263
421
263
420
263
420
263
420
263
420
263
419
263
419
263
419
263
418
263
418
264
418
264
417
264
417
264
417
264
416
264
416
264
416
264
415
264
415
264
415
264
415
264
415
264
414
264
414
264
414
265
414
265
414
265
413
265
413
265
413
265
413
265
412
265
412
265
412
265
411
265
411
265
411
265
410
265
410
265
410
265
410
265
410
265
410
265
410
265
410
265
410
265
410
265
410
265
409
265
409
265
409
266
408
266
408
266
408
266
408
266
407
266
407
266
407
266
407
266
407
266
407
266
407
266
407
266
407
266
407
266
406
267
406
267
406
267
406
267
406
267
405
267
405
267
405
267
405
267
405
267
405
268
405
268
405
268
405
268
405
268
405
268
405
268
405
269
405
269
405
269
405
269
405
269
405
269
405
269
405
269
405
270
405
270
405
270
405
271
405
271
405
271
405
271
405
271
405
271
405
271
405
271
405
272
405
272
405
272
405
272
405
272
405
272
405
272
405
272
405
272
405
273
405
273
405
273
405
273
405
273
405
274
405
274
405
274
405
274
406
274
406
274
406
274
406
274
406
274
407
275
407
275
407
275
407
275
407
275
407
275
408
275
408
275
408
275
409
275
409
275
409
275
409
275
409
275
409
276
409
276
409
276
409
276
409
276
409
276
410
276
410
276
410
276
410
276
410
276
410
276
410
276
410
276
410
276
410
276
410
276
410
276
410
276
410
276
410
276
410
276
410
276
410
276
410
276
410
276
410
276
410
276
410
276
410
276
410
276
410
276
410
276
410
276
410
276
410
276
410
276
410
276
410
276
410
276
410
276
410
276
410
276
410
276
410
276
410
276
410
276
410
276
410
276
410
276
410
276
410
276
410
276
410
276
410
276
410
276
410
276
410
276
410
276
410
276
410
276
410
276
410
276
410
276
410
276
410
276
410
276
410
276
410
276
410
276
410
276
410
276
410
276
410
276
410
276
410
276
410
276
410
276
410
276
411
276
412
276
413
276
413
276
10000
10000
381
291
381
291
381
291
381
291
381
291
381
291
380
291
380
291
380
291
380
290
380
290
380
290
380
290
380
290
380
290
380
290
380
290
380
290
380
289
380
289
380
289
380
289
380
289
380
289
380
289
380
288
380
288
379
288
379
288
379
288
379
288
379
288
379
288
379
288
379
288
379
288
379
287
379
287
378
287
378
287
378
287
378
287
378
287
378
287
378
287
378
287
378
287
378
287
377
287
377
287
377
286
376
286
376
286
376
286
376
286
376
286
375
286
375
286
375
286
375
286
375
286
375
286
375
286
374
286
374
286
374
286
374
286
373
286
373
286
372
286
371
286
370
286
370
286
369
286
369
286
368
286
368
286
368
286
368
286
368
286
368
286
368
286
368
286
368
286
368
286
367
286
367
286
366
286
366
286
366
286
366
286
365
286
365
286
365
286
365
286
365
286
365
286
364
286
364
286
364
286
363
286
363
287
363
287
363
287
363
287
363
287
362
287
362
287
362
287
361
288
361
288
361
288
361
288
361
288
361
288
360
288
360
288
360
288
360
289
360
289
360
289
360
289
360
289
359
289
359
289
359
289
359
289
359
289
359
289
359
290
358
290
358
290
357
290
357
290
357
290
357
290
357
290
357
291
356
291
356
291
356
291
356
291
356
291
356
291
356
291
356
291
356
291
356
291
356
292
356
292
355
292
355
292
355
292
355
292
355
292
355
292
355
292
355
292
355
292
355
293
355
293
355
293
355
293
355
293
355
293
355
293
355
293
355
293
355
294
355
294
355
294
355
294
355
294
355
295
355
295
355
295
355
295
355
295
355
295
355
295
355
295
355
295
355
295
355
295
355
295
355
295
355
295
355
296
355
296
355
296
355
296
355
296
355
296
355
296
355
297
355
297
355
297
355
297
355
297
355
297
355
297
355
297
355
297
355
297
355
297
355
297
355
297
355
297
355
297
355
298
355
298
355
298
355
298
355
298
355
298
355
298
355
298
355
298
355
298
355
298
355
298
355
298
355
298
355
298
355
298
355
298
355
298
355
298
355
298
355
298
355
298
355
298
356
298
356
298
357
299
357
299
358
299
358
299
359
299
359
299
359
300
10000
10000
319
302
319
302
319
302
319
302
319
302
319
302
319
302
319
302
319
301
319
301
319
301
319
301
319
301
319
301
319
301
319
301
319
301
319
301
319
301
319
301
319
301
319
301
319
301
319
301
319
301
319
300
319
300
319
300
319
300
319
300
319
300
319
300
319
300
319
300
319
300
319
300
319
300
319
300
319
299
319
299
319
299
319
299
319
299
319
299
319
299
319
299
319
299
319
298
319
298
319
298
319
298
319
298
318
298
318
298
318
298
318
298
317
298
316
298
316
298
315
298
315
297
315
297
314
297
314
297
313
297
313
297
313
297
312
297
312
296
312
296
311
296
310
296
310
296
310
296
309
296
309
296
309
296
309
296
308
296
308
296
308
296
308
296
308
296
307
296
307
296
307
296
307
296
306
296
306
296
306
296
306
296
306
295
306
295
305
295
305
295
305
295
304
295
304
295
303
295
303
295
302
295
302
295
302
295
302
295
302
295
302
295
302
295
301
295
301
295
301
295
300
295
300
295
300
295
299
295
298
295
298
295
297
295
297
295
297
296
296
296
296
296
296
296
295
296
295
296
295
296
295
296
294
296
294
296
294
296
294
296
294
296
294
297
294
297
293
297
293
297
292
298
292
298
292
298
292
298
292
298
292
298
292
298
292
298
292
298
292
298
292
298
292
298
292
299
292
299
292
299
291
299
291
299
291
300
291
300
291
300
291
300
291
300
291
300
291
300
291
300
291
300
291
301
291
301
291
301
291
301
291
301
291
301
291
301
291
301
291
301
291
302
291
302
291
302
291
302
291
302
291
302
291
302
291
303
291
303
291
303
291
303
291
303
291
303
291
303
291
304
291
304
291
304
291
304
291
304
291
304
291
305
291
305
291
305
291
306
291
306
291
306
291
306
291
306
291
307
291
307
291
307
291
307
291
307
291
307
291
307
291
307
291
307
291
307
291
307
291
307
291
307
291
307
291
307
292
307
293
307
10000
10000
240
314
240
314
240
314
240
314
240
314
240
314
240
314
240
314
240
313
240
313
240
313
240
313
240
313
240
313
240
313
240
312
240
312
240
312
240
312
240
312
240
312
240
312
240
312
240
311
240
311
240
311
240
311
240
311
240
311
240
311
239
310
239
310
238
310
237
310
237
310
237
310
236
309
236
309
235
309
235
309
235
309
234
309
234
309
233
309
233
308
232
308
232
308
232
308
231
308
231
308
231
308
231
308
231
308
231
308
231
308
230
308
230
308
230
308
230
308
230
308
230
308
230
308
230
308
230
308
230
308
230
308
230
308
230
308
230
308
230
308
230
308
230
308
230
308
230
308
230
308
230
308
230
308
230
308
230
308
230
308
230
308
230
308
230
308
230
308
230
308
230
308
230
308
230
308
230
308
230
308
230
308
230
308
230
308
230
308
230
308
230
308
230
308
229
308
229
308
227
308
226
308
225
308
224
308
224
308
223
308
222
308
221
308
220
308
220
309
219
309
219
309
218
309
218
309
218
309
217
309
217
309
216
310
216
310
215
310
215
310
214
310
213
311
213
311
212
311
212
311
212
311
212
311
212
311
212
311
212
311
212
311
212
311
212
312
211
312
211
312
211
312
211
312
211
313
211
313
210
313
210
314
210
314
210
314
210
314
210
314
209
315
209
315
208
315
208
315
208
316
207
316
207
316
207
316
207
317
206
317
206
317
206
317
206
318
206
318
206
318
206
318
206
318
206
318
206
318
206
319
206
319
206
319
206
319
206
319
206
319
206
320
206
320
206
320
206
320
206
320
206
320
206
320
206
321
206
321
206
321
206
321
206
322
206
322
206
322
206
322
206
322
206
322
206
322
207
323
207
323
207
323
207
323
207
323
207
323
207
324
208
324
208
324
208
324
208
324
208
324
208
324
208
324
209
325
209
325
209
325
209
325
209
325
209
325
209
325
209
325
209
325
209
325
210
325
210
325
210
325
210
325
210
325
211
326
211
326
211
326
211
326
211
326
212
326
212
326
212
326
212
326
212
327
213
327
213
327
213
327
213
327
213
327
214
327
214
328
214
328
214
328
214
328
214
328
214
328
214
328
214
328
215
328
215
328
215
328
215
328
215
328
215
329
215
329
216
329
216
329
216
329
216
329
216
329
216
329
216
329
216
329
217
329
217
330
217
330
217
330
217
330
217
330
218
330
218
330
218
330
218
330
218
330
219
330
219
330
219
330
219
331
219
331
219
331
219
331
220
331
220
331
220
331
221
331
221
331
221
331
222
331
222
331
223
331
224
331
224
331
225
331
226
331
226
331
227
331
228
331
229
331
229
331
230
331
230
331
231
331
231
331
232
331
233
331
233
331
234
331
234
331
234
331
235
331
236
331
236
331
237
331
238
331
238
331
239
330
239
330
240
330
240
330
241
330
241
329
241
329
242
329
242
329
242
329
242
329
243
329
243
329
243
329
243
329
244
328
244
328
244
328
244
328
245
328
245
328
245
328
245
327
245
327
245
327
245
327
245
327
246
327
246
327
246
327
246
327
246
327
246
326
246
326
246
326
246
326
246
326
246
326
246
326
246
325
246
325
246
325
246
325
246
325
246
325
246
325
246
325
246
325
246
324
246
324
246
324
246
324
246
324
246
324
246
324
246
324
246
324
246
324
246
323
246
323
246
323
246
323
246
323
246
323
246
323
246
323
246
323
246
323
246
323
246
323
245
323
245
323
245
322
244
322
244
322
244
322
244
322
244
322
244
322
244
322
243
322
243
322
243
322
243
322
242
321
242
321
242
321
242
321
242
321
242
321
242
321
242
321
242
321
242
321
241
321
241
321
241
321
240
321
240
321
240
321
240
321
240
321
240
321
240
321
240
321
240
320
240
320
240
320
240
320
240
320
240
320
240
320
240
320
240
320
240
320
240
320
240
320
240
320
240
320
240
320
240
320
240
319
240
319
240
319
240
319
240
319
240
319
240
319
240
319
240
319
240
319
240
319
240
319
240
319
240
319
240
319
241
319
242
318
243
318
245
318
246
318
247
318
10000
10000
181
346
181
345
181
345
180
345
180
345
179
345
179
345
178
345
178
345
178
345
177
345
177
345
177
345
177
345
177
345
177
346
177
346
177
346
177
347
177
347
177
348
177
348
177
348
177
348
177
348
177
348
177
349
177
349
177
349
177
349
177
349
177
349
177
349
177
349
177
350
177
350
177
350
177
350
177
350
177
350
177
351
177
351
178
351
178
351
178
351
178
351
179
351
179
351
180
351
180
351
180
351
181
351
181
351
181
351
181
351
181
351
181
351
181
351
182
351
182
351
183
350
184
350
184
350
184
349
184
349
184
349
184
349
184
349
184
349
184
349
184
349
185
349
185
349
185
349
186
348
186
348
186
348
186
347
186
347
186
347
186
347
186
346
186
346
186
346
186
346
186
346
186
346
186
346
186
346
186
346
186
346
186
346
186
346
186
346
186
346
186
345
185
345
185
345
184
345
184
345
183
345
183
345
183
345
183
345
183
345
183
345
182
345
182
345
182
345
181
345
181
345
180
345
180
345
179
345
179
345
179
345
178
345
178
345
178
345
178
345
177
345
177
345
176
345
176
345
175
346
175
346
174
346
174
346
174
346
174
346
174
347
174
347
174
347
174
347
174
348
174
348
174
348
174
348
174
348
174
349
174
349
174
349
174
349
174
349
174
350
174
350
174
350
175
350
175
350
175
350
176
350
176
351
177
351
178
351
179
351
180
351
180
351
181
351
182
351
183
351
184
351
184
351
185
351
185
351
186
350
186
350
187
349
187
349
187
349
187
348
187
348
187
347
188
347
188
347
188
347
189
346
189
346
189
346
10000
10000
158
369
159
368
160
368
161
368
162
368
163
368
164
368
165
367
166
367
167
367
168
366
169
366
170
366
171
365
171
365
171
365
171
365
171
365
171
365
171
365
172
365
172
365
172
365
172
365
172
365
172
365
172
365
172
365
172
365
172
365
172
364
172
364
172
364
172
364
172
364
172
364
172
364
172
364
172
364
172
364
172
363
172
363
172
363
172
363
171
363
170
363
169
363
169
363
168
363
168
363
168
363
168
363
168
363
168
363
168
363
168
363
168
363
168
363
168
363
167
363
166
363
165
363
165
363
165
363
164
363
164
363
164
363
163
363
163
363
163
363
162
363
162
363
161
363
160
364
160
364
159
364
159
364
159
364
159
364
158
364
158
364
158
364
158
365
158
365
158
365
158
366
158
366
157
366
157
366
157
367
157
367
157
367
157
367
156
367
156
367
156
367
156
368
156
368
156
368
156
368
156
369
156
369
156
369
156
369
157
369
157
370
157
370
158
370
158
370
158
370
159
370
160
370
160
370
161
371
161
371
162
371
162
371
163
371
163
371
163
371
163
371
164
371
165
371
166
371
167
371
168
371
169
371
170
371
171
370
171
370
172
370
173
369
173
369
174
368
174
368
174
368
174
368
174
368
174
367
175
367
175
367
175
366
175
366
175
366
175
366
175
365
175
365
175
365
175
364
175
364
175
364
175
364
175
364
175
364
175
364
175
364
174
363
174
363
174
363
174
363
173
363
173
363
172
363
171
363
170
363
169
363
168
363
168
363
167
364
166
364
165
364
164
365
164
365
163
365
163
365
163
365
162
366
161
366
161
366
161
366
160
366
160
366
160
367
159
367
159
367
159
367
158
368
158
368
158
368
158
368
158
369
158
369
158
369
158
369
158
370
158
370
158
370
158
370
158
370
158
370
158
371
158
371
158
371
159
371
159
371
159
371
159
372
159
372
159
372
159
372
160
372
160
372
161
372
161
372
162
373
163
373
163
373
164
373
165
374
165
374
166
374
166
374
167
374
168
374
168
374
169
374
170
374
171
374
172
374
173
374
173
374
174
374
174
374
175
374
175
374
10000
10000
140
345
140
345
140
345
140
345
140
345
140
344
140
344
140
344
140
344
139
344
139
344
139
344
138
344
138
344
138
344
138
344
137
344
137
344
137
344
137
344
137
344
136
344
136
344
135
344
135
344
135
344
134
344
134
344
134
345
134
345
133
345
133
345
133
346
133
346
133
346
132
347
132
347
132
347
132
348
132
348
132
348
132
348
132
349
132
349
132
349
132
349
133
350
133
350
134
350
134
351
134
351
134
351
135
351
135
351
135
351
135
351
136
351
136
352
136
352
137
352
137
352
138
352
138
352
139
352
140
352
140
351
141
351
141
351
141
351
141
350
141
350
141
350
141
350
141
349
141
349
141
349
141
349
141
348
141
348
142
348
142
348
142
348
142
348
142
348
142
348
142
348
142
347
142
347
142
347
142
347
142
347
142
347
142
347
142
346
142
346
142
346
142
346
142
346
142
346
142
346
141
346
141
346
141
346
141
346
140
346
140
346
139
346
138
346
138
346
137
346
137
346
137
346
137
346
137
346
137
346
10000
10000
116
316
116
316
116
316
116
316
116
316
116
316
116
316
116
316
116
316
116
316
116
316
116
316
116
316
116
316
116
316
116
316
116
316
116
316
116
316
116
316
116
316
116
316
116
315
116
315
116
315
116
315
116
315
116
315
116
315
116
315
116
315
116
315
116
315
116
315
116
314
116
314
116
314
115
314
115
314
115
314
115
314
115
314
115
314
114
314
114
314
114
314
114
313
113
313
113
313
113
313
113
313
113
313
113
313
113
313
113
313
113
313
112
313
112
313
112
313
112
313
112
313
112
313
111
313
110
313
109
313
109
313
109
313
109
313
108
313
108
313
108
313
108
314
108
314
108
314
108
314
108
314
108
314
108
314
108
314
108
314
108
314
108
314
108
315
108
315
108
315
108
315
108
316
108
316
108
316
108
316
108
316
108
316
108
317
108
317
108
317
108
317
108
317
108
317
108
317
108
317
108
317
108
317
108
317
108
317
108
317
108
318
108
318
108
318
108
318
108
318
108
318
108
318
108
319
108
319
108
319
108
319
108
319
108
320
108
320
108
320
108
320
108
320
108
320
108
320
108
320
108
320
108
320
108
320
109
320
109
320
109
320
109
320
109
320
109
320
109
320
109
320
110
320
110
320
110
320
110
320
111
320
111
320
111
320
111
320
112
320
112
320
113
320
113
320
113
320
114
320
114
320
114
320
114
320
114
320
114
320
114
320
114
320
114
320
114
320
115
320
115
320
116
320
116
320
116
320
116
320
116
320
116
320
116
320
116
320
116
320
116
320
116
320
116
320
116
320
116
320
116
320
117
320
117
319
117
319
117
319
117
319
117
319
117
319
117
319
117
319
117
319
117
319
117
319
117
319
117
319
117
319
117
319
117
319
117
319
117
318
117
318
117
318
117
318
117
318
117
317
117
317
117
317
117
317
117
317
117
317
117
317
117
317
117
317
117
317
117
317
117
317
117
317
117
317
117
317
117
317
117
317
117
317
118
317
119
317
119
317
10000
10000
10000
10000
